Enrollment,Name,Date,Time
1234,['barath'],2023-01-12,18:18:27
